name: env_heart_dis_predict
channels:
  - conda-forge
  - defaults
dependencies:
  - certifi=2020.6.20=pyhd3eb1b0_3
  - cycler=0.11.0=pyhd8ed1ab_0
  - freetype=2.10.4=h546665d_1
  - intel-openmp=2022.0.0=h57928b3_3663
  - kiwisolver=1.3.1=py36hd77b12b_0
  - libblas=3.9.0=14_win64_mkl
  - libcblas=3.9.0=14_win64_mkl
  - liblapack=3.9.0=14_win64_mkl
  - libpng=1.6.37=h1d00b33_2
  - libzlib=1.2.11=h8ffe710_1014
  - m2w64-gcc-libgfortran=5.3.0=6
  - m2w64-gcc-libs=5.3.0=7
  - m2w64-gcc-libs-core=5.3.0=7
  - m2w64-gmp=6.1.0=2
  - m2w64-libwinpthread-git=5.0.0.4634.697f757=2
  - matplotlib-base=3.2.2=py36hfa737b6_1
  - mkl=2022.0.0=h0e2418a_796
  - msys2-conda-epoch=20160418=1
  - numpy=1.19.5=py36h4b40d73_2
  - pandas=0.25.3=py36he350917_0
  - patsy=0.5.2=pyhd8ed1ab_0
  - pip=20.0.2=py36_1
  - pyparsing=3.0.8=pyhd8ed1ab_0
  - python=3.6.15=h39d44d4_0_cpython
  - python-dateutil=2.8.2=pyhd8ed1ab_0
  - python_abi=3.6=2_cp36m
  - pytz=2022.1=pyhd8ed1ab_0
  - scipy=1.5.3=py36h27d303f_1
  - seaborn=0.11.2=hd8ed1ab_0
  - seaborn-base=0.11.2=pyhd8ed1ab_0
  - setuptools=49.6.0=py36ha15d459_3
  - six=1.16.0=pyh6c4a22f_0
  - statsmodels=0.12.2=py36h2bbff1b_0
  - tbb=2021.5.0=h2d74725_1
  - tornado=6.1=py36h68aa20f_1
  - ucrt=10.0.20348.0=h57928b3_0
  - vc=14.2=hb210afc_6
  - vs2015_runtime=14.29.30037=h902a5da_6
  - wheel=0.37.1=pyhd8ed1ab_0
  - wincertstore=0.2=py36ha15d459_1006
  - zlib=1.2.11=h8ffe710_1014
prefix: D:\anaconda\envs\env_heart_dis_predict
